0 202.1900424873043
 
0 235.49244996935838
 
0 211.02308525614325
 
0 189.05206137463654
 
1 181.0462366863598
 
2 213.72992775321202
 
3 226.6367922897825
 
4 238.6643415340689
 
5 236.01784250008183
 
6 239.56827372875082
 
7 258.66073368810345
 
8 262.25647884962797
 
9 275.2303084986945
 
10 295.48637327565484
 
11 295.48637327565484
 
12 309.03078078590136
 
13 316.97792527677575
 
14 325.66122109259345
 
15 354.46898097829916
 
16 373.87932695890777
 
17 372.93206494779275
 
18 388.19541732325183
 
19 388.19541732325183
 
20 408.72202143329383
 
21 408.5278489725582
 
22 418.5206116944976
 
23 423.6522627220081
 
24 421.4677058649338
 
25 421.2735334041982
 
26 425.6885266085279
 
27 445.00466729331015
 
28 445.00466729331015
 
29 445.00466729331015
 
30 445.00466729331015
 
31 445.00466729331015
 
32 445.00466729331015
 
33 445.00466729331015
 
34 445.00466729331015
 
35 445.00466729331015
 
36 445.00466729331015
 
37 445.00466729331015
 
38 445.00466729331015
 
39 445.00466729331015
 
40 445.00466729331015
 
41 445.00466729331015
 
42 445.00466729331015
 
43 445.00466729331015
 
44 445.00466729331015
 
45 445.00466729331015
 
46 445.00466729331015
 
47 445.00466729331015
 
48 445.00466729331015
 
49 445.00466729331015
 
50 445.00466729331015
 
51 445.00466729331015
 
52 445.00466729331015
 
53 445.00466729331015
 
54 445.00466729331015
 
55 445.00466729331015
 
56 445.00466729331015
 
57 445.00466729331015
 
58 445.00466729331015
 
59 445.00466729331015
 
60 445.00466729331015
 
61 445.00466729331015
 
62 445.00466729331015
 
63 445.00466729331015
 
64 445.00466729331015
 
65 445.00466729331015
 
66 445.00466729331015
 
67 445.00466729331015
 
68 445.00466729331015
 
69 445.00466729331015
 
70 445.00466729331015
 
71 445.00466729331015
 
72 445.00466729331015
 
73 445.00466729331015
 
74 445.00466729331015
 
75 445.00466729331015
 
76 445.00466729331015
 
77 445.00466729331015
 
78 445.00466729331015
 
79 445.00466729331015
 
80 445.00466729331015
 
81 445.00466729331015
 
82 445.00466729331015
 
83 445.00466729331015
 
84 445.00466729331015
 
85 445.00466729331015
 
86 445.00466729331015
 
87 445.00466729331015
 
88 445.00466729331015
 
89 445.00466729331015
 
90 445.00466729331015
 
91 445.00466729331015
 
92 445.00466729331015
 
93 445.00466729331015
 
94 445.00466729331015
 
95 445.00466729331015
 
96 445.00466729331015
 
97 445.00466729331015
 
98 445.00466729331015
 
99 445.00466729331015
 
100 445.00466729331015
 
101 445.00466729331015
 
102 445.00466729331015
 
103 445.00466729331015
 
104 445.00466729331015
 
105 445.00466729331015
 
106 445.00466729331015
 
107 445.00466729331015
 
108 445.00466729331015
 
109 445.00466729331015
 
110 445.00466729331015
 
111 445.00466729331015
 
112 445.00466729331015
 
113 445.00466729331015
 
114 445.00466729331015
 
115 445.00466729331015
 
116 445.00466729331015
 
117 445.00466729331015
 
118 445.00466729331015
 
119 445.00466729331015
 
120 445.00466729331015
 
121 445.00466729331015
 
122 445.00466729331015
 
123 445.00466729331015
 
124 445.00466729331015
 
125 445.00466729331015
 
126 445.00466729331015
 
127 445.00466729331015
 
128 445.00466729331015
 
129 445.00466729331015
 
130 445.00466729331015
 
131 445.00466729331015
 
132 445.00466729331015
 
133 445.00466729331015
 
134 445.00466729331015
 
135 445.00466729331015
 
136 445.00466729331015
 
137 445.00466729331015
 
138 445.00466729331015
 
139 445.00466729331015
 
140 445.00466729331015
 
141 445.00466729331015
 
142 445.00466729331015
 
143 445.00466729331015
 
144 445.00466729331015
 
145 445.00466729331015
 
146 445.00466729331015
 
147 445.00466729331015
 
148 445.00466729331015
 
149 445.00466729331015
 
150 445.00466729331015
 
151 445.00466729331015
 
152 445.00466729331015
 
153 445.00466729331015
 
154 445.00466729331015
 
155 445.00466729331015
 
156 445.00466729331015
 
157 445.00466729331015
 
158 445.00466729331015
 
159 445.00466729331015
 
160 445.00466729331015
 
161 445.00466729331015
 
162 445.00466729331015
 
163 445.00466729331015
 
164 445.00466729331015
 
165 445.00466729331015
 
166 445.00466729331015
 
167 445.00466729331015
 
168 445.00466729331015
 
169 445.00466729331015
 
170 445.00466729331015
 
171 445.00466729331015
 
172 445.00466729331015
 
173 445.00466729331015
 
174 445.00466729331015
 
175 445.00466729331015
 
176 445.00466729331015
 
177 445.00466729331015
 
178 445.00466729331015
 
179 445.00466729331015
 
180 445.00466729331015
 
181 445.00466729331015
 
182 445.00466729331015
 
183 445.00466729331015
 
184 445.00466729331015
 
185 445.00466729331015
 
186 445.00466729331015
 
187 445.00466729331015
 
188 445.00466729331015
 
189 445.00466729331015
 
190 445.00466729331015
 
191 445.00466729331015
 
192 445.00466729331015
 
193 445.00466729331015
 
194 445.00466729331015
 
195 445.00466729331015
 
196 445.00466729331015
 
197 445.00466729331015
 
198 445.00466729331015
 
199 445.00466729331015
 
200 445.00466729331015
 
201 445.00466729331015
 
202 445.00466729331015
 
203 445.00466729331015
 
204 445.00466729331015
 
205 445.00466729331015
 
206 445.00466729331015
 
207 445.00466729331015
 
208 445.00466729331015
 
209 445.00466729331015
 
210 445.00466729331015
 
211 445.00466729331015
 
212 445.00466729331015
 
213 445.00466729331015
 
214 445.00466729331015
 
215 445.00466729331015
 
216 445.00466729331015
 
217 445.00466729331015
 
218 445.00466729331015
 
219 445.00466729331015
 
220 445.00466729331015
 
221 445.00466729331015
 
222 445.00466729331015
 
223 445.00466729331015
 
224 445.00466729331015
 
225 445.00466729331015
 
226 445.00466729331015
 
227 445.00466729331015
 
228 445.00466729331015
 
229 445.00466729331015
 
230 445.00466729331015
 
231 445.00466729331015
 
232 445.00466729331015
 
233 445.00466729331015
 
234 445.00466729331015
 
235 445.00466729331015
 
236 445.00466729331015
 
237 445.00466729331015
 
238 445.00466729331015
 
239 445.00466729331015
 
240 445.00466729331015
 
241 445.00466729331015
 
242 445.00466729331015
 
243 445.00466729331015
 
244 445.00466729331015
 
245 445.00466729331015
 
246 445.00466729331015
 
247 445.00466729331015
 
248 445.00466729331015
 
249 445.00466729331015
 
250 445.00466729331015
 
251 445.00466729331015
 
252 445.00466729331015
 
253 445.00466729331015
 
254 445.00466729331015
 
255 445.00466729331015
 
256 445.00466729331015
 
257 445.00466729331015
 
258 445.00466729331015
 
259 445.00466729331015
 
260 445.00466729331015
 
261 445.00466729331015
 
262 445.00466729331015
 
263 445.00466729331015
 
264 445.00466729331015
 
265 445.00466729331015
 
266 445.00466729331015
 
267 445.00466729331015
 
268 445.00466729331015
 
269 445.00466729331015
 
270 445.00466729331015
 
271 445.00466729331015
 
272 445.00466729331015
 
273 445.00466729331015
 
274 445.00466729331015
 
275 445.00466729331015
 
276 445.00466729331015
 
277 445.00466729331015
 
278 445.00466729331015
 
279 445.00466729331015
 
280 445.00466729331015
 
281 445.00466729331015
 
282 445.00466729331015
 
283 445.00466729331015
 
284 445.00466729331015
 
285 445.00466729331015
 
286 445.00466729331015
 
287 445.00466729331015
 
288 445.00466729331015
 
289 445.00466729331015
 
290 445.00466729331015
 
291 445.00466729331015
 
292 445.00466729331015
 
293 445.00466729331015
 
294 445.00466729331015
 
295 445.00466729331015
 
296 445.00466729331015
 
297 445.00466729331015
 
298 445.00466729331015
 
299 445.00466729331015
 
300 445.00466729331015
 
301 445.00466729331015
 
302 445.00466729331015
 
303 445.00466729331015
 
304 445.00466729331015
 
305 445.00466729331015
 
306 445.00466729331015
 
307 445.00466729331015
 
308 445.00466729331015
 
309 445.00466729331015
 
310 445.00466729331015
 
311 445.00466729331015
 
312 445.00466729331015
 
313 445.00466729331015
 
314 445.00466729331015
 
315 445.00466729331015
 
316 445.00466729331015
 
317 445.00466729331015
 
318 445.00466729331015
 
319 445.00466729331015
 
320 445.00466729331015
 
321 445.00466729331015
 
322 445.00466729331015
 
323 445.00466729331015
 
324 445.00466729331015
 
325 445.00466729331015
 
326 445.00466729331015
 
327 445.00466729331015
 
328 445.00466729331015
 
329 445.00466729331015
 
330 445.00466729331015
 
331 445.00466729331015
 
332 445.00466729331015
 
333 445.00466729331015
 
334 445.00466729331015
 
335 445.00466729331015
 
336 445.00466729331015
 
337 445.00466729331015
 
338 445.00466729331015
 
339 445.00466729331015
 
340 445.00466729331015
 
341 445.00466729331015
 
342 445.00466729331015
 
343 445.00466729331015
 
344 445.00466729331015
 
345 445.00466729331015
 
346 445.00466729331015
 
347 445.00466729331015
 
348 445.00466729331015
 
349 445.00466729331015
 
350 445.00466729331015
 
351 445.00466729331015
 
352 445.00466729331015
 
353 445.00466729331015
 
354 445.00466729331015
 
355 445.00466729331015
 
356 445.00466729331015
 
357 445.00466729331015
 
358 445.00466729331015
 
359 445.00466729331015
 
360 445.00466729331015
 
361 445.00466729331015
 
362 445.00466729331015
 
363 445.00466729331015
 
364 445.00466729331015
 
365 445.00466729331015
 
366 445.00466729331015
 
367 445.00466729331015
 
368 445.00466729331015
 
369 445.00466729331015
 
370 445.00466729331015
 
371 445.00466729331015
 
372 445.00466729331015
 
373 445.00466729331015
 
374 445.00466729331015
 
375 445.00466729331015
 
376 445.00466729331015
 
377 445.00466729331015
 
378 445.00466729331015
 
379 445.00466729331015
 
380 445.00466729331015
 
381 445.00466729331015
 
382 445.00466729331015
 
383 445.00466729331015
 
384 445.00466729331015
 
385 445.00466729331015
 
386 445.00466729331015
 
387 445.00466729331015
 
388 445.00466729331015
 
389 445.00466729331015
 
390 445.00466729331015
 
391 445.00466729331015
 
392 445.00466729331015
 
393 445.00466729331015
 
394 445.00466729331015
 
395 445.00466729331015
 
396 445.00466729331015
 
397 445.00466729331015
 
398 445.00466729331015
 
399 445.00466729331015
 
400 445.00466729331015
 
401 445.00466729331015
 
402 445.00466729331015
 
403 445.00466729331015
 
404 445.00466729331015
 
405 445.00466729331015
 
406 445.00466729331015
 
407 445.00466729331015
 
408 445.00466729331015
 
409 445.00466729331015
 
410 445.00466729331015
 
411 445.00466729331015
 
412 445.00466729331015
 
413 445.00466729331015
 
414 445.00466729331015
 
415 445.00466729331015
 
416 445.00466729331015
 
417 445.00466729331015
 
418 445.00466729331015
 
419 445.00466729331015
 
420 445.00466729331015
 
421 445.00466729331015
 
422 445.00466729331015
 
423 445.00466729331015
 
424 445.00466729331015
 
425 445.00466729331015
 
426 445.00466729331015
 
427 445.00466729331015
 
428 445.00466729331015
 
429 445.00466729331015
 
430 445.00466729331015
 
431 445.00466729331015
 
432 445.00466729331015
 
433 445.00466729331015
 
434 445.00466729331015
 
435 445.00466729331015
 
436 445.00466729331015
 
437 445.00466729331015
 
438 445.00466729331015
 
439 445.00466729331015
 
440 445.00466729331015
 
441 445.00466729331015
 
442 445.00466729331015
 
443 445.00466729331015
 
444 445.00466729331015
 
445 445.00466729331015
 
446 445.00466729331015
 
447 445.00466729331015
 
448 445.00466729331015
 
449 445.00466729331015
 
0 227.57927744635916
 
0 269.13820225359234
 
1 285.8959064658513
 
2 300.26905270298295
 
3 313.1688930906209
 
4 312.69895936421176
 
0 11962.165673431498
 
0 9731.670686393878
 
1 11558.81090041334
 
0 10354.243686845712
 
1 10710.381697630768
 
2 12398.720978149046
 
3 10630.70840719566
 
4 12161.811035688741
 
5 12206.287909455828
 
6 12206.287909455828
 
0 11460.96438293691
 
1 9995.932039977835
 
2 10460.59685008588
 
3 9328.101593101994
 
4 7740.053376347795
 
5 8099.534583645167
 
6 6519.242827160605
 
7 6540.723606855405
 
8 3059.656012905749
 
9 1565.283545287044
 
10 1381.749491959352
 
11 994.4447266661444
 
12 793.2197782837436
 
13 579.7477264674774
 
14 509.94507259485044
 
15 249.2303120848348
 
16 255.68093863397172
 
17 255.68093863397172
 
18 209.92405550397882
 
19 224.5636785054897
 
20 224.5636785054897
 
21 223.5816433242663
 
22 234.09922935639253
 
23 234.09922935639253
 
24 234.09922935639253
 
25 234.09922935639253
 
26 234.09922935639253
 
27 234.09922935639253
 
28 234.09922935639253
 
29 234.09922935639253
 
30 234.09922935639253
 
31 234.09922935639253
 
32 234.09922935639253
 
33 234.09922935639253
 
34 234.09922935639253
 
35 234.09922935639253
 
36 234.09922935639253
 
37 234.09922935639253
 
38 234.09922935639253
 
39 234.09922935639253
 
40 234.09922935639253
 
41 234.09922935639253
 
42 234.09922935639253
 
43 234.09922935639253
 
44 234.09922935639253
 
45 234.09922935639253
 
46 234.09922935639253
 
47 234.09922935639253
 
48 234.09922935639253
 
49 234.09922935639253
 
50 234.09922935639253
 
51 234.09922935639253
 
52 234.09922935639253
 
53 234.09922935639253
 
54 234.09922935639253
 
55 234.09922935639253
 
56 234.09922935639253
 
57 234.09922935639253
 
58 234.09922935639253
 
59 234.09922935639253
 
60 234.09922935639253
 
61 234.09922935639253
 
62 234.09922935639253
 
63 234.09922935639253
 
64 234.09922935639253
 
65 234.09922935639253
 
66 234.09922935639253
 
67 234.09922935639253
 
68 234.09922935639253
 
69 234.09922935639253
 
70 234.09922935639253
 
71 234.09922935639253
 
72 234.09922935639253
 
73 234.09922935639253
 
74 234.09922935639253
 
75 234.09922935639253
 
76 234.09922935639253
 
77 234.09922935639253
 
78 234.09922935639253
 
79 234.09922935639253
 
80 234.09922935639253
 
81 234.09922935639253
 
82 234.09922935639253
 
83 234.09922935639253
 
84 234.09922935639253
 
85 234.09922935639253
 
86 234.09922935639253
 
87 234.09922935639253
 
88 234.09922935639253
 
89 234.09922935639253
 
90 234.09922935639253
 
91 234.09922935639253
 
92 234.09922935639253
 
93 234.09922935639253
 
94 234.09922935639253
 
95 234.09922935639253
 
96 234.09922935639253
 
97 234.09922935639253
 
98 234.09922935639253
 
99 234.09922935639253
 
100 234.09922935639253
 
101 234.09922935639253
 
102 234.09922935639253
 
103 234.09922935639253
 
104 234.09922935639253
 
105 234.09922935639253
 
106 234.09922935639253
 
107 234.09922935639253
 
108 234.09922935639253
 
109 234.09922935639253
 
110 234.09922935639253
 
111 234.09922935639253
 
112 234.09922935639253
 
113 234.09922935639253
 
114 234.09922935639253
 
115 234.09922935639253
 
116 234.09922935639253
 
117 234.09922935639253
 
118 234.09922935639253
 
119 234.09922935639253
 
120 234.09922935639253
 
121 234.09922935639253
 
122 234.09922935639253
 
123 234.09922935639253
 
124 234.09922935639253
 
125 234.09922935639253
 
126 234.09922935639253
 
127 234.09922935639253
 
128 234.09922935639253
 
129 234.09922935639253
 
130 234.09922935639253
 
131 234.09922935639253
 
132 234.09922935639253
 
133 234.09922935639253
 
134 234.09922935639253
 
135 234.09922935639253
 
136 234.09922935639253
 
137 234.09922935639253
 
138 234.09922935639253
 
139 234.09922935639253
 
140 234.09922935639253
 
141 234.09922935639253
 
142 234.09922935639253
 
143 234.09922935639253
 
144 234.09922935639253
 
145 234.09922935639253
 
146 234.09922935639253
 
147 234.09922935639253
 
148 234.09922935639253
 
149 234.09922935639253
 
150 234.09922935639253
 
151 234.09922935639253
 
152 234.09922935639253
 
153 234.09922935639253
 
154 234.09922935639253
 
155 234.09922935639253
 
156 234.09922935639253
 
157 234.09922935639253
 
158 234.09922935639253
 
159 234.09922935639253
 
160 234.09922935639253
 
161 234.09922935639253
 
162 234.09922935639253
 
163 234.09922935639253
 
164 234.09922935639253
 
165 234.09922935639253
 
166 234.09922935639253
 
167 234.09922935639253
 
168 234.09922935639253
 
169 234.09922935639253
 
170 234.09922935639253
 
171 234.09922935639253
 
172 234.09922935639253
 
173 234.09922935639253
 
174 234.09922935639253
 
175 234.09922935639253
 
176 234.09922935639253
 
177 234.09922935639253
 
178 234.09922935639253
 
179 234.09922935639253
 
180 234.09922935639253
 
181 234.09922935639253
 
182 234.09922935639253
 
183 234.09922935639253
 
184 234.09922935639253
 
185 234.09922935639253
 
186 234.09922935639253
 
187 234.09922935639253
 
188 234.09922935639253
 
189 234.09922935639253
 
190 234.09922935639253
 
191 234.09922935639253
 
192 234.09922935639253
 
193 234.09922935639253
 
194 234.09922935639253
 
195 234.09922935639253
 
196 234.09922935639253
 
197 234.09922935639253
 
198 234.09922935639253
 
199 234.09922935639253
 
0 11708.08855058376
 
1 11693.225835151015
 
2 10076.974754759536
 
3 10411.36267710975
 
4 10979.435695524086
 
5 10005.176224582907
 
6 8482.086988875708
 
7 8348.862142439635
 
8 7307.061736224952
 
9 5939.071346573529
 
10 4945.415098841129
 
11 5286.092557701947
 
12 5286.092557701947
 
13 4748.65622821661
 
14 4748.65622821661
 
15 5192.463538117363
 
16 5630.610143712821
 
17 4835.888804083371
 
18 4835.888804083371
 
19 4835.888804083371
 
20 5340.9787752076545
 
21 5340.9787752076545
 
22 5340.9787752076545
 
23 4778.797880042326
 
24 5071.271310313086
 
25 5392.367849338966
 
26 5748.556765182777
 
27 5516.842759811306
 
28 5538.302066045057
 
29 5886.698071675707
 
30 5978.139038347648
 
31 5978.139038347648
 
32 5978.139038347648
 
33 5978.139038347648
 
34 5978.139038347648
 
35 5978.139038347648
 
36 5978.139038347648
 
37 5978.139038347648
 
38 5978.139038347648
 
39 5978.139038347648
 
40 5978.139038347648
 
41 5978.139038347648
 
42 5978.139038347648
 
43 5978.139038347648
 
44 5978.139038347648
 
45 5978.139038347648
 
46 5978.139038347648
 
47 5978.139038347648
 
48 5978.139038347648
 
49 5978.139038347648
 
50 5978.139038347648
 
51 5978.139038347648
 
52 5978.139038347648
 
53 5978.139038347648
 
54 5978.139038347648
 
55 5978.139038347648
 
56 5978.139038347648
 
57 5978.139038347648
 
58 5978.139038347648
 
59 5978.139038347648
 
60 5978.139038347648
 
61 5978.139038347648
 
62 5978.139038347648
 
63 5978.139038347648
 
64 5978.139038347648
 
65 5978.139038347648
 
66 5978.139038347648
 
67 5978.139038347648
 
68 5978.139038347648
 
69 5978.139038347648
 
70 5978.139038347648
 
71 5978.139038347648
 
72 5978.139038347648
 
73 5978.139038347648
 
74 5978.139038347648
 
75 5978.139038347648
 
76 5978.139038347648
 
77 5978.139038347648
 
78 5978.139038347648
 
79 5978.139038347648
 
80 5978.139038347648
 
81 5978.139038347648
 
82 5978.139038347648
 
83 5978.139038347648
 
84 5978.139038347648
 
85 5978.139038347648
 
86 5978.139038347648
 
87 5978.139038347648
 
88 5978.139038347648
 
89 5978.139038347648
 
90 5978.139038347648
 
91 5978.139038347648
 
92 5978.139038347648
 
93 5978.139038347648
 
94 5978.139038347648
 
95 5978.139038347648
 
96 5978.139038347648
 
97 5978.139038347648
 
98 5978.139038347648
 
99 5978.139038347648
 
100 5978.139038347648
 
101 5978.139038347648
 
102 5978.139038347648
 
103 5978.139038347648
 
104 5978.139038347648
 
105 5978.139038347648
 
106 5978.139038347648
 
107 5978.139038347648
 
108 5978.139038347648
 
109 5978.139038347648
 
110 5978.139038347648
 
111 5978.139038347648
 
112 5978.139038347648
 
113 5978.139038347648
 
114 5978.139038347648
 
115 5978.139038347648
 
116 5978.139038347648
 
117 5978.139038347648
 
118 5978.139038347648
 
119 5978.139038347648
 
120 5978.139038347648
 
121 5978.139038347648
 
122 5978.139038347648
 
123 5978.139038347648
 
124 5978.139038347648
 
125 5978.139038347648
 
126 5978.139038347648
 
127 5978.139038347648
 
128 5978.139038347648
 
129 5978.139038347648
 
130 5978.139038347648
 
131 5978.139038347648
 
132 5978.139038347648
 
133 5978.139038347648
 
134 5978.139038347648
 
135 5978.139038347648
 
136 5978.139038347648
 
137 5978.139038347648
 
138 5978.139038347648
 
139 5978.139038347648
 
140 5978.139038347648
 
141 5978.139038347648
 
142 5978.139038347648
 
143 5978.139038347648
 
144 5978.139038347648
 
145 5978.139038347648
 
146 5978.139038347648
 
147 5978.139038347648
 
148 5978.139038347648
 
149 5978.139038347648
 
150 5978.139038347648
 
151 5978.139038347648
 
152 5978.139038347648
 
153 5978.139038347648
 
154 5978.139038347648
 
155 5978.139038347648
 
156 5978.139038347648
 
157 5978.139038347648
 
158 5978.139038347648
 
159 5978.139038347648
 
160 5978.139038347648
 
161 5978.139038347648
 
162 5978.139038347648
 
163 5978.139038347648
 
164 5978.139038347648
 
165 5978.139038347648
 
166 5978.139038347648
 
167 5978.139038347648
 
168 5978.139038347648
 
169 5978.139038347648
 
170 5978.139038347648
 
171 5978.139038347648
 
172 5978.139038347648
 
173 5978.139038347648
 
174 5978.139038347648
 
175 5978.139038347648
 
176 5978.139038347648
 
177 5978.139038347648
 
178 5978.139038347648
 
179 5978.139038347648
 
180 5978.139038347648
 
181 5978.139038347648
 
182 5978.139038347648
 
183 5978.139038347648
 
184 5978.139038347648
 
185 5978.139038347648
 
186 5978.139038347648
 
187 5978.139038347648
 
188 5978.139038347648
 
189 5978.139038347648
 
190 5978.139038347648
 
191 5978.139038347648
 
192 5978.139038347648
 
193 5978.139038347648
 
194 5978.139038347648
 
195 5978.139038347648
 
196 5978.139038347648
 
197 5978.139038347648
 
198 5978.139038347648
 
199 5978.139038347648
 
200 5978.139038347648
 
201 5978.139038347648
 
202 5978.139038347648
 
203 5978.139038347648
 
204 5978.139038347648
 
205 5978.139038347648
 
206 5978.139038347648
 
207 5978.139038347648
 
208 5978.139038347648
 
209 5978.139038347648
 
210 5978.139038347648
 
211 5978.139038347648
 
212 5978.139038347648
 
213 5978.139038347648
 
214 5978.139038347648
 
215 5978.139038347648
 
216 5978.139038347648
 
217 5978.139038347648
 
218 5978.139038347648
 
219 5978.139038347648
 
220 5978.139038347648
 
221 5978.139038347648
 
222 5978.139038347648
 
223 5978.139038347648
 
224 5978.139038347648
 
225 5978.139038347648
 
226 5978.139038347648
 
227 5978.139038347648
 
228 5978.139038347648
 
229 5978.139038347648
 
230 5978.139038347648
 
231 5978.139038347648
 
232 5978.139038347648
 
233 5978.139038347648
 
234 5978.139038347648
 
235 5978.139038347648
 
236 5978.139038347648
 
237 5978.139038347648
 
238 5978.139038347648
 
239 5978.139038347648
 
240 5978.139038347648
 
241 5978.139038347648
 
242 5978.139038347648
 
243 5978.139038347648
 
244 5978.139038347648
 
245 5978.139038347648
 
246 5978.139038347648
 
247 5978.139038347648
 
248 5978.139038347648
 
249 5978.139038347648
 
250 5978.139038347648
 
251 5978.139038347648
 
252 5978.139038347648
 
253 5978.139038347648
 
254 5978.139038347648
 
255 5978.139038347648
 
256 5978.139038347648
 
257 5978.139038347648
 
258 5978.139038347648
 
259 5978.139038347648
 
260 5978.139038347648
 
261 5978.139038347648
 
262 5978.139038347648
 
263 5978.139038347648
 
264 5978.139038347648
 
265 5978.139038347648
 
266 5978.139038347648
 
267 5978.139038347648
 
268 5978.139038347648
 
269 5978.139038347648
 
270 5978.139038347648
 
271 5978.139038347648
 
272 5978.139038347648
 
273 5978.139038347648
 
274 5978.139038347648
 
275 5978.139038347648
 
276 5978.139038347648
 
277 5978.139038347648
 
278 5978.139038347648
 
279 5978.139038347648
 
280 5978.139038347648
 
281 5978.139038347648
 
282 5978.139038347648
 
283 5978.139038347648
 
284 5978.139038347648
 
285 5978.139038347648
 
286 5978.139038347648
 
287 5978.139038347648
 
288 5978.139038347648
 
289 5978.139038347648
 
290 5978.139038347648
 
291 5978.139038347648
 
292 5978.139038347648
 
293 5978.139038347648
 
294 5978.139038347648
 
295 5978.139038347648
 
296 5978.139038347648
 
297 5978.139038347648
 
298 5978.139038347648
 
299 5978.139038347648
 
300 5978.139038347648
 
301 5978.139038347648
 
302 5978.139038347648
 
303 5978.139038347648
 
304 5978.139038347648
 
305 5978.139038347648
 
306 5978.139038347648
 
307 5978.139038347648
 
308 5978.139038347648
 
309 5978.139038347648
 
310 5978.139038347648
 
311 5978.139038347648
 
312 5978.139038347648
 
313 5978.139038347648
 
314 5978.139038347648
 
315 5978.139038347648
 
316 5978.139038347648
 
317 5978.139038347648
 
318 5978.139038347648
 
319 5978.139038347648
 
320 5978.139038347648
 
321 5978.139038347648
 
322 5978.139038347648
 
323 5978.139038347648
 
324 5978.139038347648
 
325 5978.139038347648
 
326 5978.139038347648
 
327 5978.139038347648
 
328 5978.139038347648
 
329 5978.139038347648
 
330 5978.139038347648
 
331 5978.139038347648
 
332 5978.139038347648
 
333 5978.139038347648
 
334 5978.139038347648
 
335 5978.139038347648
 
336 5978.139038347648
 
337 5978.139038347648
 
338 5978.139038347648
 
339 5978.139038347648
 
340 5978.139038347648
 
341 5978.139038347648
 
342 5978.139038347648
 
343 5978.139038347648
 
344 5978.139038347648
 
345 5978.139038347648
 
346 5978.139038347648
 
347 5978.139038347648
 
348 5978.139038347648
 
349 5978.139038347648
 
350 5978.139038347648
 
351 5978.139038347648
 
352 5978.139038347648
 
353 5978.139038347648
 
354 5978.139038347648
 
355 5978.139038347648
 
356 5978.139038347648
 
357 5978.139038347648
 
358 5978.139038347648
 
359 5978.139038347648
 
360 5978.139038347648
 
361 5978.139038347648
 
362 5978.139038347648
 
363 5978.139038347648
 
364 5978.139038347648
 
365 5978.139038347648
 
366 5978.139038347648
 
367 5978.139038347648
 
368 5978.139038347648
 
369 5978.139038347648
 
370 5978.139038347648
 
371 5978.139038347648
 
372 5978.139038347648
 
373 5978.139038347648
 
374 5978.139038347648
 
375 5978.139038347648
 
376 5978.139038347648
 
377 5978.139038347648
 
378 5978.139038347648
 
379 5978.139038347648
 
380 5978.139038347648
 
381 5978.139038347648
 
382 5978.139038347648
 
383 5978.139038347648
 
384 5978.139038347648
 
385 5978.139038347648
 
386 5978.139038347648
 
387 5978.139038347648
 
388 5978.139038347648
 
389 5978.139038347648
 
390 5978.139038347648
 
391 5978.139038347648
 
392 5978.139038347648
 
393 5978.139038347648
 
394 5978.139038347648
 
395 5978.139038347648
 
396 5978.139038347648
 
397 5978.139038347648
 
398 5978.139038347648
 
399 5978.139038347648
 
400 5978.139038347648
 
401 5978.139038347648
 
402 5978.139038347648
 
403 5978.139038347648
 
404 5978.139038347648
 
405 5978.139038347648
 
406 5978.139038347648
 
407 5978.139038347648
 
408 5978.139038347648
 
409 5978.139038347648
 
410 5978.139038347648
 
411 5978.139038347648
 
412 5978.139038347648
 
413 5978.139038347648
 
414 5978.139038347648
 
415 5978.139038347648
 
416 5978.139038347648
 
417 5978.139038347648
 
418 5978.139038347648
 
419 5978.139038347648
 
420 5978.139038347648
 
421 5978.139038347648
 
422 5978.139038347648
 
423 5978.139038347648
 
424 5978.139038347648
 
425 5978.139038347648
 
426 5978.139038347648
 
427 5978.139038347648
 
428 5978.139038347648
 
429 5978.139038347648
 
430 5978.139038347648
 
431 5978.139038347648
 
432 5978.139038347648
 
433 5978.139038347648
 
434 5978.139038347648
 
435 5978.139038347648
 
436 5978.139038347648
 
437 5978.139038347648
 
438 5978.139038347648
 
439 5978.139038347648
 
440 5978.139038347648
 
441 5978.139038347648
 
442 5978.139038347648
 
443 5978.139038347648
 
444 5978.139038347648
 
445 5978.139038347648
 
446 5978.139038347648
 
447 5978.139038347648
 
448 5978.139038347648
 
449 5978.139038347648
 
450 5978.139038347648
 
451 5978.139038347648
 
452 5978.139038347648
 
453 5978.139038347648
 
454 5978.139038347648
 
455 5978.139038347648
 
456 5978.139038347648
 
457 5978.139038347648
 
458 5978.139038347648
 
459 5978.139038347648
 
460 5978.139038347648
 
461 5978.139038347648
 
462 5978.139038347648
 
463 5978.139038347648
 
464 5978.139038347648
 
465 5978.139038347648
 
466 5978.139038347648
 
467 5978.139038347648
 
468 5978.139038347648
 
469 5978.139038347648
 
470 5978.139038347648
 
471 5978.139038347648
 
472 5978.139038347648
 
473 5978.139038347648
 
474 5978.139038347648
 
475 5978.139038347648
 
476 5978.139038347648
 
477 5978.139038347648
 
478 5978.139038347648
 
479 5978.139038347648
 
480 5978.139038347648
 
481 5978.139038347648
 
482 5978.139038347648
 
483 5978.139038347648
 
484 5978.139038347648
 
485 5978.139038347648
 
486 5978.139038347648
 
487 5978.139038347648
 
488 5978.139038347648
 
489 5978.139038347648
 
490 5978.139038347648
 
491 5978.139038347648
 
492 5978.139038347648
 
493 5978.139038347648
 
494 5978.139038347648
 
495 5978.139038347648
 
496 5978.139038347648
 
497 5978.139038347648
 
498 5978.139038347648
 
499 5978.139038347648
 
500 5978.139038347648
 
501 5978.139038347648
 
502 5978.139038347648
 
503 5978.139038347648
 
504 5978.139038347648
 
505 5978.139038347648
 
506 5978.139038347648
 
507 5978.139038347648
 
508 5978.139038347648
 
509 5978.139038347648
 
510 5978.139038347648
 
511 5978.139038347648
 
512 5978.139038347648
 
513 5978.139038347648
 
514 5978.139038347648
 
515 5978.139038347648
 
516 5978.139038347648
 
517 5978.139038347648
 
518 5978.139038347648
 
519 5978.139038347648
 
520 5978.139038347648
 
521 5978.139038347648
 
522 5978.139038347648
 
523 5978.139038347648
 
524 5978.139038347648
 
525 5978.139038347648
 
526 5978.139038347648
 
527 5978.139038347648
 
528 5978.139038347648
 
529 5978.139038347648
 
530 5978.139038347648
 
531 5978.139038347648
 
532 5978.139038347648
 
533 5978.139038347648
 
534 5978.139038347648
 
535 5978.139038347648
 
536 5978.139038347648
 
537 5978.139038347648
 
538 5978.139038347648
 
539 5978.139038347648
 
540 5978.139038347648
 
541 5978.139038347648
 
542 5978.139038347648
 
543 5978.139038347648
 
544 5978.139038347648
 
545 5978.139038347648
 
546 5978.139038347648
 
547 5978.139038347648
 
548 5978.139038347648
 
549 5978.139038347648
 
550 5978.139038347648
 
551 5978.139038347648
 
552 5978.139038347648
 
553 5978.139038347648
 
554 5978.139038347648
 
555 5978.139038347648
 
556 5978.139038347648
 
557 5978.139038347648
 
558 5978.139038347648
 
559 5978.139038347648
 
560 5978.139038347648
 
561 5978.139038347648
 
562 5978.139038347648
 
563 5978.139038347648
 
564 5978.139038347648
 
565 5978.139038347648
 
566 5978.139038347648
 
567 5978.139038347648
 
568 5978.139038347648
 
569 5978.139038347648
 
570 5978.139038347648
 
571 5978.139038347648
 
572 5978.139038347648
 
573 5978.139038347648
 
574 5978.139038347648
 
575 5978.139038347648
 
576 5978.139038347648
 
577 5978.139038347648
 
578 5978.139038347648
 
579 5978.139038347648
 
580 5978.139038347648
 
581 5978.139038347648
 
582 5978.139038347648
 
583 5978.139038347648
 
584 5978.139038347648
 
585 5978.139038347648
 
586 5978.139038347648
 
587 5978.139038347648
 
588 5978.139038347648
 
589 5978.139038347648
 
590 5978.139038347648
 
591 5978.139038347648
 
592 5978.139038347648
 
593 5978.139038347648
 
594 5978.139038347648
 
595 5978.139038347648
 
596 5978.139038347648
 
597 5978.139038347648
 
598 5978.139038347648
 
599 5978.139038347648
 
600 5978.139038347648
 
601 5978.139038347648
 
602 5978.139038347648
 
603 5978.139038347648
 
604 5978.139038347648
 
605 5978.139038347648
 
606 5978.139038347648
 
607 5978.139038347648
 
608 5978.139038347648
 
609 5978.139038347648
 
610 5978.139038347648
 
611 5978.139038347648
 
612 5978.139038347648
 
613 5978.139038347648
 
614 5978.139038347648
 
615 5978.139038347648
 
616 5978.139038347648
 
617 5978.139038347648
 
618 5978.139038347648
 
619 5978.139038347648
 
620 5978.139038347648
 
621 5978.139038347648
 
622 5978.139038347648
 
623 5978.139038347648
 
624 5978.139038347648
 
625 5978.139038347648
 
626 5978.139038347648
 
627 5978.139038347648
 
628 5978.139038347648
 
629 5978.139038347648
 
630 5978.139038347648
 
631 5978.139038347648
 
632 5978.139038347648
 
633 5978.139038347648
 
634 5978.139038347648
 
635 5978.139038347648
 
636 5978.139038347648
 
637 5978.139038347648
 
638 5978.139038347648
 
639 5978.139038347648
 
640 5978.139038347648
 
641 5978.139038347648
 
642 5978.139038347648
 
643 5978.139038347648
 
644 5978.139038347648
 
645 5978.139038347648
 
646 5978.139038347648
 
647 5978.139038347648
 
648 5978.139038347648
 
649 5978.139038347648
 
650 5978.139038347648
 
651 5978.139038347648
 
652 5978.139038347648
 
653 5978.139038347648
 
654 5978.139038347648
 
655 5978.139038347648
 
656 5978.139038347648
 
657 5978.139038347648
 
658 5978.139038347648
 
659 5978.139038347648
 
660 5978.139038347648
 
661 5978.139038347648
 
662 5978.139038347648
 
663 5978.139038347648
 
664 5978.139038347648
 
665 5978.139038347648
 
666 5978.139038347648
 
667 5978.139038347648
 
668 5978.139038347648
 
669 5978.139038347648
 
670 5978.139038347648
 
671 5978.139038347648
 
672 5978.139038347648
 
673 5978.139038347648
 
674 5978.139038347648
 
675 5978.139038347648
 
676 5978.139038347648
 
677 5978.139038347648
 
678 5978.139038347648
 
679 5978.139038347648
 
680 5978.139038347648
 
681 5978.139038347648
 
682 5978.139038347648
 
683 5978.139038347648
 
684 5978.139038347648
 
685 5978.139038347648
 
686 5978.139038347648
 
687 5978.139038347648
 
688 5978.139038347648
 
689 5978.139038347648
 
690 5978.139038347648
 
691 5978.139038347648
 
692 5978.139038347648
 
693 5978.139038347648
 
694 5978.139038347648
 
695 5978.139038347648
 
696 5978.139038347648
 
697 5978.139038347648
 
698 5978.139038347648
 
699 5978.139038347648
 
700 5978.139038347648
 
701 5978.139038347648
 
702 5978.139038347648
 
703 5978.139038347648
 
704 5978.139038347648
 
705 5978.139038347648
 
706 5978.139038347648
 
707 5978.139038347648
 
708 5978.139038347648
 
709 5978.139038347648
 
710 5978.139038347648
 
711 5978.139038347648
 
712 5978.139038347648
 
713 5978.139038347648
 
714 5978.139038347648
 
715 5978.139038347648
 
716 5978.139038347648
 
717 5978.139038347648
 
718 5978.139038347648
 
719 5978.139038347648
 
720 5978.139038347648
 
721 5978.139038347648
 
722 5978.139038347648
 
723 5978.139038347648
 
724 5978.139038347648
 
725 5978.139038347648
 
726 5978.139038347648
 
727 5978.139038347648
 
728 5978.139038347648
 
729 5978.139038347648
 
730 5978.139038347648
 
731 5978.139038347648
 
732 5978.139038347648
 
733 5978.139038347648
 
734 5978.139038347648
 
735 5978.139038347648
 
736 5978.139038347648
 
737 5978.139038347648
 
738 5978.139038347648
 
739 5978.139038347648
 
740 5978.139038347648
 
741 5978.139038347648
 
742 5978.139038347648
 
743 5978.139038347648
 
744 5978.139038347648
 
745 5978.139038347648
 
746 5978.139038347648
 
747 5978.139038347648
 
748 5978.139038347648
 
749 5978.139038347648
 
750 5978.139038347648
 
751 5978.139038347648
 
752 5978.139038347648
 
753 5978.139038347648
 
754 5978.139038347648
 
755 5978.139038347648
 
756 5978.139038347648
 
757 5978.139038347648
 
758 5978.139038347648
 
759 5978.139038347648
 
760 5978.139038347648
 
761 5978.139038347648
 
762 5978.139038347648
 
763 5978.139038347648
 
764 5978.139038347648
 
765 5978.139038347648
 
766 5978.139038347648
 
767 5978.139038347648
 
768 5978.139038347648
 
769 5978.139038347648
 
770 5978.139038347648
 
771 5978.139038347648
 
772 5978.139038347648
 
773 5978.139038347648
 
774 5978.139038347648
 
775 5978.139038347648
 
776 5978.139038347648
 
777 5978.139038347648
 
778 5978.139038347648
 
779 5978.139038347648
 
780 5978.139038347648
 
781 5978.139038347648
 
782 5978.139038347648
 
783 5978.139038347648
 
784 5978.139038347648
 
785 5978.139038347648
 
786 5978.139038347648
 
787 5978.139038347648
 
788 5978.139038347648
 
789 5978.139038347648
 
790 5978.139038347648
 
791 5978.139038347648
 
792 5978.139038347648
 
793 5978.139038347648
 
794 5978.139038347648
 
795 5978.139038347648
 
796 5978.139038347648
 
797 5978.139038347648
 
798 5978.139038347648
 
799 5978.139038347648
 
800 5978.139038347648
 
801 5978.139038347648
 
802 5978.139038347648
 
803 5978.139038347648
 
804 5978.139038347648
 
805 5978.139038347648
 
806 5978.139038347648
 
807 5978.139038347648
 
808 5978.139038347648
 
809 5978.139038347648
 
810 5978.139038347648
 
811 5978.139038347648
 
812 5978.139038347648
 
813 5978.139038347648
 
814 5978.139038347648
 
815 5978.139038347648
 
816 5978.139038347648
 
817 5978.139038347648
 
818 5978.139038347648
 
819 5978.139038347648
 
820 5978.139038347648
 
821 5978.139038347648
 
822 5978.139038347648
 
823 5978.139038347648
 
824 5978.139038347648
 
825 5978.139038347648
 
826 5978.139038347648
 
827 5978.139038347648
 
828 5978.139038347648
 
829 5978.139038347648
 
830 5978.139038347648
 
831 5978.139038347648
 
832 5978.139038347648
 
833 5978.139038347648
 
834 5978.139038347648
 
835 5978.139038347648
 
836 5978.139038347648
 
837 5978.139038347648
 
838 5978.139038347648
 
839 5978.139038347648
 
840 5978.139038347648
 
841 5978.139038347648
 
842 5978.139038347648
 
843 5978.139038347648
 
844 5978.139038347648
 
845 5978.139038347648
 
846 5978.139038347648
 
847 5978.139038347648
 
848 5978.139038347648
 
849 5978.139038347648
 
850 5978.139038347648
 
851 5978.139038347648
 
852 5978.139038347648
 
853 5978.139038347648
 
854 5978.139038347648
 
855 5978.139038347648
 
856 5978.139038347648
 
857 5978.139038347648
 
858 5978.139038347648
 
859 5978.139038347648
 
860 5978.139038347648
 
861 5978.139038347648
 
862 5978.139038347648
 
863 5978.139038347648
 
864 5978.139038347648
 
865 5978.139038347648
 
866 5978.139038347648
 
867 5978.139038347648
 
868 5978.139038347648
 
869 5978.139038347648
 
870 5978.139038347648
 
871 5978.139038347648
 
872 5978.139038347648
 
873 5978.139038347648
 
874 5978.139038347648
 
875 5978.139038347648
 
876 5978.139038347648
 
877 5978.139038347648
 
878 5978.139038347648
 
879 5978.139038347648
 
880 5978.139038347648
 
881 5978.139038347648
 
882 5978.139038347648
 
883 5978.139038347648
 
884 5978.139038347648
 
885 5978.139038347648
 
886 5978.139038347648
 
887 5978.139038347648
 
888 5978.139038347648
 
889 5978.139038347648
 
890 5978.139038347648
 
891 5978.139038347648
 
892 5978.139038347648
 
893 5978.139038347648
 
894 5978.139038347648
 
895 5978.139038347648
 
896 5978.139038347648
 
897 5978.139038347648
 
898 5978.139038347648
 
899 5978.139038347648
 
0 9616.675512838434
 
1 10912.604938424607
 
2 10359.886439561078
 
3 12928.177091889023
 
4 8145.5760457288425
 
5 9363.211951458627
 
6 7630.47950493542
 
7 6235.42306264736
 
8 4842.606471533186
 
9 4651.499647893838
 
10 4830.407241362475
 
11 4190.104976963343
 
12 5209.437479014584
 
13 4159.5013984450825
 
14 4508.368879604956
 
15 4047.487475954532
 
16 4052.123122174069
 
17 4399.338661830556
 
18 4399.338661830556
 
19 4399.338661830556
 
20 4399.338661830556
 
21 4191.591696340976
 
22 4863.671119742315
 
23 4863.671119742315
 
24 4677.412217555471
 
25 4677.412217555471
 
26 4819.105598307777
 
27 4819.105598307777
 
28 4819.105598307777
 
29 4819.105598307777
 
30 4819.105598307777
 
31 4500.413272587402
 
32 5259.065590787924
 
33 5259.065590787924
 
34 5259.065590787924
 
35 5259.065590787924
 
36 5259.065590787924
 
37 5259.065590787924
 
38 5259.065590787924
 
39 5259.065590787924
 
40 5259.065590787924
 
41 5259.065590787924
 
42 5259.065590787924
 
43 5259.065590787924
 
44 5259.065590787924
 
45 5259.065590787924
 
46 5259.065590787924
 
47 5259.065590787924
 
48 5259.065590787924
 
49 5259.065590787924
 
50 5259.065590787924
 
51 5259.065590787924
 
52 5259.065590787924
 
53 5259.065590787924
 
54 5259.065590787924
 
55 5259.065590787924
 
56 5259.065590787924
 
57 5259.065590787924
 
58 5259.065590787924
 
59 5259.065590787924
 
60 5259.065590787924
 
61 5259.065590787924
 
62 5259.065590787924
 
63 5259.065590787924
 
64 5259.065590787924
 
65 5259.065590787924
 
66 5259.065590787924
 
67 5259.065590787924
 
68 5259.065590787924
 
69 5259.065590787924
 
70 5259.065590787924
 
71 5259.065590787924
 
72 5259.065590787924
 
73 5259.065590787924
 
74 5259.065590787924
 
75 5259.065590787924
 
76 5259.065590787924
 
77 5259.065590787924
 
78 5259.065590787924
 
79 5259.065590787924
 
80 5259.065590787924
 
81 5259.065590787924
 
82 5259.065590787924
 
83 5259.065590787924
 
84 5259.065590787924
 
85 5259.065590787924
 
86 5259.065590787924
 
87 5259.065590787924
 
88 5259.065590787924
 
89 5259.065590787924
 
90 5259.065590787924
 
91 5259.065590787924
 
92 5259.065590787924
 
93 5259.065590787924
 
94 5259.065590787924
 
95 5259.065590787924
 
96 5259.065590787924
 
97 5259.065590787924
 
98 5259.065590787924
 
99 5259.065590787924
 
100 5259.065590787924
 
101 5259.065590787924
 
102 5259.065590787924
 
103 5259.065590787924
 
104 5259.065590787924
 
105 5259.065590787924
 
106 5259.065590787924
 
107 5259.065590787924
 
108 5259.065590787924
 
109 5259.065590787924
 
110 5259.065590787924
 
111 5259.065590787924
 
112 5259.065590787924
 
113 5259.065590787924
 
114 5259.065590787924
 
115 5259.065590787924
 
116 5259.065590787924
 
117 5259.065590787924
 
118 5259.065590787924
 
119 5259.065590787924
 
120 5259.065590787924
 
121 5259.065590787924
 
122 5259.065590787924
 
123 5259.065590787924
 
124 5259.065590787924
 
125 5259.065590787924
 
126 5259.065590787924
 
127 5259.065590787924
 
128 5259.065590787924
 
129 5259.065590787924
 
130 5259.065590787924
 
131 5259.065590787924
 
132 5259.065590787924
 
133 5259.065590787924
 
134 5259.065590787924
 
135 5259.065590787924
 
136 5259.065590787924
 
137 5259.065590787924
 
138 5259.065590787924
 
139 5259.065590787924
 
140 5259.065590787924
 
141 5259.065590787924
 
142 5259.065590787924
 
143 5259.065590787924
 
144 5259.065590787924
 
145 5259.065590787924
 
146 5259.065590787924
 
147 5259.065590787924
 
148 5259.065590787924
 
149 5259.065590787924
 
150 5259.065590787924
 
151 5259.065590787924
 
152 5259.065590787924
 
153 5259.065590787924
 
154 5259.065590787924
 
155 5259.065590787924
 
156 5259.065590787924
 
157 5259.065590787924
 
158 5259.065590787924
 
159 5259.065590787924
 
160 5259.065590787924
 
161 5259.065590787924
 
162 5259.065590787924
 
163 5259.065590787924
 
164 5259.065590787924
 
165 5259.065590787924
 
166 5259.065590787924
 
167 5259.065590787924
 
168 5259.065590787924
 
169 5259.065590787924
 
170 5259.065590787924
 
171 5259.065590787924
 
172 5259.065590787924
 
173 5259.065590787924
 
174 5259.065590787924
 
175 5259.065590787924
 
176 5259.065590787924
 
177 5259.065590787924
 
178 5259.065590787924
 
179 5259.065590787924
 
180 5259.065590787924
 
181 5259.065590787924
 
182 5259.065590787924
 
183 5259.065590787924
 
184 5259.065590787924
 
185 5259.065590787924
 
186 5259.065590787924
 
187 5259.065590787924
 
188 5259.065590787924
 
189 5259.065590787924
 
190 5259.065590787924
 
191 5259.065590787924
 
192 5259.065590787924
 
193 5259.065590787924
 
194 5259.065590787924
 
195 5259.065590787924
 
196 5259.065590787924
 
197 5259.065590787924
 
198 5259.065590787924
 
199 5259.065590787924
 
200 5259.065590787924
 
201 5259.065590787924
 
202 5259.065590787924
 
203 5259.065590787924
 
204 5259.065590787924
 
205 5259.065590787924
 
206 5259.065590787924
 
207 5259.065590787924
 
208 5259.065590787924
 
209 5259.065590787924
 
210 5259.065590787924
 
211 5259.065590787924
 
212 5259.065590787924
 
213 5259.065590787924
 
214 5259.065590787924
 
215 5259.065590787924
 
216 5259.065590787924
 
217 5259.065590787924
 
218 5259.065590787924
 
219 5259.065590787924
 
220 5259.065590787924
 
221 5259.065590787924
 
222 5259.065590787924
 
223 5259.065590787924
 
224 5259.065590787924
 
225 5259.065590787924
 
226 5259.065590787924
 
227 5259.065590787924
 
228 5259.065590787924
 
229 5259.065590787924
 
230 5259.065590787924
 
231 5259.065590787924
 
232 5259.065590787924
 
233 5259.065590787924
 
234 5259.065590787924
 
235 5259.065590787924
 
236 5259.065590787924
 
237 5259.065590787924
 
238 5259.065590787924
 
239 5259.065590787924
 
240 5259.065590787924
 
241 5259.065590787924
 
242 5259.065590787924
 
243 5259.065590787924
 
244 5259.065590787924
 
245 5259.065590787924
 
246 5259.065590787924
 
247 5259.065590787924
 
248 5259.065590787924
 
249 5259.065590787924
 
250 5259.065590787924
 
251 5259.065590787924
 
252 5259.065590787924
 
253 5259.065590787924
 
254 5259.065590787924
 
255 5259.065590787924
 
256 5259.065590787924
 
257 5259.065590787924
 
258 5259.065590787924
 
259 5259.065590787924
 
260 5259.065590787924
 
261 5259.065590787924
 
262 5259.065590787924
 
263 5259.065590787924
 
264 5259.065590787924
 
265 5259.065590787924
 
266 5259.065590787924
 
267 5259.065590787924
 
268 5259.065590787924
 
269 5259.065590787924
 
270 5259.065590787924
 
271 5259.065590787924
 
272 5259.065590787924
 
273 5259.065590787924
 
274 5259.065590787924
 
275 5259.065590787924
 
276 5259.065590787924
 
277 5259.065590787924
 
278 5259.065590787924
 
279 5259.065590787924
 
280 5259.065590787924
 
281 5259.065590787924
 
282 5259.065590787924
 
283 5259.065590787924
 
284 5259.065590787924
 
285 5259.065590787924
 
286 5259.065590787924
 
287 5259.065590787924
 
288 5259.065590787924
 
289 5259.065590787924
 
290 5259.065590787924
 
291 5259.065590787924
 
292 5259.065590787924
 
293 5259.065590787924
 
294 5259.065590787924
 
295 5259.065590787924
 
296 5259.065590787924
 
297 5259.065590787924
 
298 5259.065590787924
 
299 5259.065590787924
 
300 5259.065590787924
 
301 5259.065590787924
 
302 5259.065590787924
 
303 5259.065590787924
 
304 5259.065590787924
 
305 5259.065590787924
 
306 5259.065590787924
 
307 5259.065590787924
 
308 5259.065590787924
 
309 5259.065590787924
 
310 5259.065590787924
 
311 5259.065590787924
 
312 5259.065590787924
 
313 5259.065590787924
 
314 5259.065590787924
 
315 5259.065590787924
 
316 5259.065590787924
 
317 5259.065590787924
 
318 5259.065590787924
 
319 5259.065590787924
 
320 5259.065590787924
 
321 5259.065590787924
 
322 5259.065590787924
 
323 5259.065590787924
 
324 5259.065590787924
 
325 5259.065590787924
 
326 5259.065590787924
 
327 5259.065590787924
 
328 5259.065590787924
 
329 5259.065590787924
 
330 5259.065590787924
 
331 5259.065590787924
 
332 5259.065590787924
 
333 5259.065590787924
 
334 5259.065590787924
 
335 5259.065590787924
 
336 5259.065590787924
 
337 5259.065590787924
 
338 5259.065590787924
 
339 5259.065590787924
 
340 5259.065590787924
 
341 5259.065590787924
 
342 5259.065590787924
 
343 5259.065590787924
 
344 5259.065590787924
 
345 5259.065590787924
 
346 5259.065590787924
 
347 5259.065590787924
 
348 5259.065590787924
 
349 5259.065590787924
 
350 5259.065590787924
 
351 5259.065590787924
 
352 5259.065590787924
 
353 5259.065590787924
 
354 5259.065590787924
 
355 5259.065590787924
 
356 5259.065590787924
 
357 5259.065590787924
 
358 5259.065590787924
 
359 5259.065590787924
 
360 5259.065590787924
 
361 5259.065590787924
 
362 5259.065590787924
 
363 5259.065590787924
 
364 5259.065590787924
 
365 5259.065590787924
 
366 5259.065590787924
 
367 5259.065590787924
 
368 5259.065590787924
 
369 5259.065590787924
 
370 5259.065590787924
 
371 5259.065590787924
 
372 5259.065590787924
 
373 5259.065590787924
 
374 5259.065590787924
 
375 5259.065590787924
 
376 5259.065590787924
 
377 5259.065590787924
 
378 5259.065590787924
 
379 5259.065590787924
 
380 5259.065590787924
 
381 5259.065590787924
 
382 5259.065590787924
 
383 5259.065590787924
 
384 5259.065590787924
 
385 5259.065590787924
 
386 5259.065590787924
 
387 5259.065590787924
 
388 5259.065590787924
 
389 5259.065590787924
 
390 5259.065590787924
 
391 5259.065590787924
 
392 5259.065590787924
 
393 5259.065590787924
 
394 5259.065590787924
 
395 5259.065590787924
 
396 5259.065590787924
 
397 5259.065590787924
 
398 5259.065590787924
 
399 5259.065590787924
 
400 5259.065590787924
 
401 5259.065590787924
 
402 5259.065590787924
 
403 5259.065590787924
 
404 5259.065590787924
 
405 5259.065590787924
 
406 5259.065590787924
 
407 5259.065590787924
 
408 5259.065590787924
 
409 5259.065590787924
 
410 5259.065590787924
 
411 5259.065590787924
 
412 5259.065590787924
 
413 5259.065590787924
 
414 5259.065590787924
 
415 5259.065590787924
 
416 5259.065590787924
 
417 5259.065590787924
 
418 5259.065590787924
 
419 5259.065590787924
 
420 5259.065590787924
 
421 5259.065590787924
 
422 5259.065590787924
 
423 5259.065590787924
 
424 5259.065590787924
 
425 5259.065590787924
 
426 5259.065590787924
 
427 5259.065590787924
 
428 5259.065590787924
 
429 5259.065590787924
 
430 5259.065590787924
 
431 5259.065590787924
 
432 5259.065590787924
 
433 5259.065590787924
 
434 5259.065590787924
 
435 5259.065590787924
 
436 5259.065590787924
 
437 5259.065590787924
 
438 5259.065590787924
 
439 5259.065590787924
 
440 5259.065590787924
 
441 5259.065590787924
 
442 5259.065590787924
 
443 5259.065590787924
 
444 5259.065590787924
 
445 5259.065590787924
 
446 5259.065590787924
 
447 5259.065590787924
 
448 5259.065590787924
 
449 5259.065590787924
 
450 5259.065590787924
 
451 5259.065590787924
 
452 5259.065590787924
 
453 5259.065590787924
 
454 5259.065590787924
 
455 5259.065590787924
 
456 5259.065590787924
 
457 5259.065590787924
 
458 5259.065590787924
 
459 5259.065590787924
 
460 5259.065590787924
 
461 5259.065590787924
 
462 5259.065590787924
 
463 5259.065590787924
 
464 5259.065590787924
 
465 5259.065590787924
 
466 5259.065590787924
 
467 5259.065590787924
 
468 5259.065590787924
 
469 5259.065590787924
 
470 5259.065590787924
 
471 5259.065590787924
 
472 5259.065590787924
 
473 5259.065590787924
 
474 5259.065590787924
 
475 5259.065590787924
 
476 5259.065590787924
 
477 5259.065590787924
 
478 5259.065590787924
 
479 5259.065590787924
 
480 5259.065590787924
 
481 5259.065590787924
 
482 5259.065590787924
 
483 5259.065590787924
 
484 5259.065590787924
 
485 5259.065590787924
 
486 5259.065590787924
 
487 5259.065590787924
 
488 5259.065590787924
 
489 5259.065590787924
 
490 5259.065590787924
 
491 5259.065590787924
 
492 5259.065590787924
 
493 5259.065590787924
 
494 5259.065590787924
 
495 5259.065590787924
 
496 5259.065590787924
 
497 5259.065590787924
 
498 5259.065590787924
 
499 5259.065590787924
 
0 7481.523258781999
 
1 8362.007067683038
 
2 8734.067696655928
 
3 8951.7391363292
 
4 9303.704318035334
 
5 9604.403740175889
 
6 10132.581837354051
 
7 9704.400531817753
 
8 9217.76792119726
 
9 8146.912691543718
 
10 8620.758066432792
 
11 8630.790645373065
 
12 8706.503479955496
 
13 8706.503479955496
 
14 8706.503479955496
 
15 9969.486876921063
 
16 9614.496484452595
 
17 10427.547093963936
 
18 9916.296162588049
 
19 12043.772456838531
 
20 12043.772456838531
 
21 11309.630754294465
 
22 11309.630754294465
 
23 11586.925981556316
 
24 11586.925981556316
 
25 11586.925981556316
 
26 11586.925981556316
 
27 11399.264714592437
 
28 11399.264714592437
 
29 11863.908037615527
 
30 11863.908037615527
 
31 12201.505654866123
 
32 12201.505654866123
 
33 12492.016573415147
 
34 12492.016573415147
 
35 12492.016573415147
 
36 12492.016573415147
 
37 12492.016573415147
 
38 12492.016573415147
 
39 12492.016573415147
 
40 12492.016573415147
 
41 12492.016573415147
 
42 12492.016573415147
 
43 12492.016573415147
 
44 12492.016573415147
 
45 12492.016573415147
 
46 12492.016573415147
 
47 12492.016573415147
 
48 12492.016573415147
 
49 12492.016573415147
 
50 12492.016573415147
 
51 12492.016573415147
 
52 12492.016573415147
 
53 12492.016573415147
 
54 12492.016573415147
 
55 12492.016573415147
 
56 12492.016573415147
 
57 12492.016573415147
 
58 12492.016573415147
 
59 12492.016573415147
 
60 12492.016573415147
 
61 12492.016573415147
 
62 12492.016573415147
 
63 12492.016573415147
 
64 12492.016573415147
 
65 12492.016573415147
 
66 12492.016573415147
 
67 12492.016573415147
 
68 12492.016573415147
 
69 12492.016573415147
 
70 12492.016573415147
 
71 12492.016573415147
 
72 12492.016573415147
 
73 12492.016573415147
 
74 12492.016573415147
 
75 12492.016573415147
 
76 12492.016573415147
 
77 12492.016573415147
 
78 12492.016573415147
 
79 12492.016573415147
 
80 12492.016573415147
 
81 12492.016573415147
 
82 12492.016573415147
 
83 12492.016573415147
 
84 12492.016573415147
 
85 12492.016573415147
 
86 12492.016573415147
 
87 12492.016573415147
 
88 12492.016573415147
 
89 12492.016573415147
 
90 12492.016573415147
 
91 12492.016573415147
 
92 12492.016573415147
 
93 12492.016573415147
 
94 12492.016573415147
 
95 12492.016573415147
 
96 12492.016573415147
 
97 12492.016573415147
 
98 12492.016573415147
 
99 12492.016573415147
 
100 12492.016573415147
 
101 12492.016573415147
 
102 12492.016573415147
 
103 12492.016573415147
 
104 12492.016573415147
 
105 12492.016573415147
 
106 12492.016573415147
 
107 12492.016573415147
 
108 12492.016573415147
 
109 12492.016573415147
 
110 12492.016573415147
 
111 12492.016573415147
 
112 12492.016573415147
 
113 12492.016573415147
 
114 12492.016573415147
 
115 12492.016573415147
 
116 12492.016573415147
 
117 12492.016573415147
 
118 12492.016573415147
 
119 12492.016573415147
 
120 12492.016573415147
 
121 12492.016573415147
 
122 12492.016573415147
 
123 12492.016573415147
 
124 12492.016573415147
 
125 12492.016573415147
 
126 12492.016573415147
 
127 12492.016573415147
 
128 12492.016573415147
 
129 12492.016573415147
 
130 12492.016573415147
 
131 12492.016573415147
 
132 12492.016573415147
 
133 12492.016573415147
 
134 12492.016573415147
 
135 12492.016573415147
 
136 12492.016573415147
 
137 12492.016573415147
 
138 12492.016573415147
 
139 12492.016573415147
 
140 12492.016573415147
 
141 12492.016573415147
 
142 12492.016573415147
 
143 12492.016573415147
 
144 12492.016573415147
 
145 12492.016573415147
 
146 12492.016573415147
 
147 12492.016573415147
 
148 12492.016573415147
 
149 12492.016573415147
 
150 12492.016573415147
 
151 12492.016573415147
 
152 12492.016573415147
 
153 12492.016573415147
 
154 12492.016573415147
 
155 12492.016573415147
 
156 12492.016573415147
 
157 12492.016573415147
 
158 12492.016573415147
 
159 12492.016573415147
 
160 12492.016573415147
 
161 12492.016573415147
 
162 12492.016573415147
 
163 12492.016573415147
 
164 12492.016573415147
 
165 12492.016573415147
 
166 12492.016573415147
 
167 12492.016573415147
 
168 12492.016573415147
 
169 12492.016573415147
 
170 12492.016573415147
 
171 12492.016573415147
 
172 12492.016573415147
 
173 12492.016573415147
 
174 12492.016573415147
 
175 12492.016573415147
 
176 12492.016573415147
 
177 12492.016573415147
 
178 12492.016573415147
 
179 12492.016573415147
 
180 12492.016573415147
 
181 12492.016573415147
 
182 12492.016573415147
 
183 12492.016573415147
 
184 12492.016573415147
 
185 12492.016573415147
 
186 12492.016573415147
 
187 12492.016573415147
 
188 12492.016573415147
 
189 12492.016573415147
 
190 12492.016573415147
 
191 12492.016573415147
 
192 12492.016573415147
 
193 12492.016573415147
 
194 12492.016573415147
 
195 12492.016573415147
 
196 12492.016573415147
 
197 12492.016573415147
 
198 12492.016573415147
 
199 12492.016573415147
 
200 12492.016573415147
 
201 12492.016573415147
 
202 12492.016573415147
 
203 12492.016573415147
 
204 12492.016573415147
 
205 12492.016573415147
 
206 12492.016573415147
 
207 12492.016573415147
 
208 12492.016573415147
 
209 12492.016573415147
 
210 12492.016573415147
 
211 12492.016573415147
 
212 12492.016573415147
 
213 12492.016573415147
 
214 12492.016573415147
 
215 12492.016573415147
 
216 12492.016573415147
 
217 12492.016573415147
 
218 12492.016573415147
 
219 12492.016573415147
 
220 12492.016573415147
 
221 12492.016573415147
 
222 12492.016573415147
 
223 12492.016573415147
 
224 12492.016573415147
 
225 12492.016573415147
 
226 12492.016573415147
 
227 12492.016573415147
 
228 12492.016573415147
 
229 12492.016573415147
 
230 12492.016573415147
 
231 12492.016573415147
 
232 12492.016573415147
 
233 12492.016573415147
 
234 12492.016573415147
 
235 12492.016573415147
 
236 12492.016573415147
 
237 12492.016573415147
 
238 12492.016573415147
 
239 12492.016573415147
 
240 12492.016573415147
 
241 12492.016573415147
 
242 12492.016573415147
 
243 12492.016573415147
 
244 12492.016573415147
 
245 12492.016573415147
 
246 12492.016573415147
 
247 12492.016573415147
 
248 12492.016573415147
 
249 12492.016573415147
 
250 12492.016573415147
 
251 12492.016573415147
 
252 12492.016573415147
 
253 12492.016573415147
 
254 12492.016573415147
 
255 12492.016573415147
 
256 12492.016573415147
 
257 12492.016573415147
 
258 12492.016573415147
 
259 12492.016573415147
 
260 12492.016573415147
 
261 12492.016573415147
 
262 12492.016573415147
 
263 12492.016573415147
 
264 12492.016573415147
 
265 12492.016573415147
 
266 12492.016573415147
 
267 12492.016573415147
 
268 12492.016573415147
 
269 12492.016573415147
 
270 12492.016573415147
 
271 12492.016573415147
 
272 12492.016573415147
 
273 12492.016573415147
 
274 12492.016573415147
 
275 12492.016573415147
 
276 12492.016573415147
 
277 12492.016573415147
 
278 12492.016573415147
 
279 12492.016573415147
 
280 12492.016573415147
 
281 12492.016573415147
 
282 12492.016573415147
 
283 12492.016573415147
 
284 12492.016573415147
 
285 12492.016573415147
 
286 12492.016573415147
 
287 12492.016573415147
 
288 12492.016573415147
 
289 12492.016573415147
 
290 12492.016573415147
 
291 12492.016573415147
 
292 12492.016573415147
 
293 12492.016573415147
 
294 12492.016573415147
 
295 12492.016573415147
 
296 12492.016573415147
 
297 12492.016573415147
 
298 12492.016573415147
 
299 12492.016573415147
 
300 12492.016573415147
 
301 12492.016573415147
 
302 12492.016573415147
 
303 12492.016573415147
 
304 12492.016573415147
 
305 12492.016573415147
 
306 12492.016573415147
 
307 12492.016573415147
 
308 12492.016573415147
 
309 12492.016573415147
 
310 12492.016573415147
 
311 12492.016573415147
 
312 12492.016573415147
 
313 12492.016573415147
 
314 12492.016573415147
 
315 12492.016573415147
 
316 12492.016573415147
 
317 12492.016573415147
 
318 12492.016573415147
 
319 12492.016573415147
 
320 12492.016573415147
 
321 12492.016573415147
 
322 12492.016573415147
 
323 12492.016573415147
 
324 12492.016573415147
 
325 12492.016573415147
 
326 12492.016573415147
 
327 12492.016573415147
 
328 12492.016573415147
 
329 12492.016573415147
 
330 12492.016573415147
 
331 12492.016573415147
 
332 12492.016573415147
 
333 12492.016573415147
 
334 12492.016573415147
 
335 12492.016573415147
 
336 12492.016573415147
 
337 12492.016573415147
 
338 12492.016573415147
 
339 12492.016573415147
 
340 12492.016573415147
 
341 12492.016573415147
 
342 12492.016573415147
 
343 12492.016573415147
 
344 12492.016573415147
 
345 12492.016573415147
 
346 12492.016573415147
 
347 12492.016573415147
 
348 12492.016573415147
 
349 12492.016573415147
 
350 12492.016573415147
 
351 12492.016573415147
 
352 12492.016573415147
 
353 12492.016573415147
 
354 12492.016573415147
 
355 12492.016573415147
 
356 12492.016573415147
 
357 12492.016573415147
 
358 12492.016573415147
 
359 12492.016573415147
 
360 12492.016573415147
 
361 12492.016573415147
 
362 12492.016573415147
 
363 12492.016573415147
 
364 12492.016573415147
 
365 12492.016573415147
 
366 12492.016573415147
 
367 12492.016573415147
 
368 12492.016573415147
 
369 12492.016573415147
 
370 12492.016573415147
 
371 12492.016573415147
 
372 12492.016573415147
 
373 12492.016573415147
 
374 12492.016573415147
 
375 12492.016573415147
 
376 12492.016573415147
 
377 12492.016573415147
 
378 12492.016573415147
 
379 12492.016573415147
 
380 12492.016573415147
 
381 12492.016573415147
 
382 12492.016573415147
 
383 12492.016573415147
 
384 12492.016573415147
 
385 12492.016573415147
 
386 12492.016573415147
 
387 12492.016573415147
 
388 12492.016573415147
 
389 12492.016573415147
 
390 12492.016573415147
 
391 12492.016573415147
 
392 12492.016573415147
 
393 12492.016573415147
 
394 12492.016573415147
 
395 12492.016573415147
 
396 12492.016573415147
 
397 12492.016573415147
 
398 12492.016573415147
 
399 12492.016573415147
 
400 12492.016573415147
 
401 12492.016573415147
 
402 12492.016573415147
 
403 12492.016573415147
 
404 12492.016573415147
 
405 12492.016573415147
 
406 12492.016573415147
 
407 12492.016573415147
 
408 12492.016573415147
 
409 12492.016573415147
 
410 12492.016573415147
 
411 12492.016573415147
 
412 12492.016573415147
 
413 12492.016573415147
 
414 12492.016573415147
 
415 12492.016573415147
 
416 12492.016573415147
 
417 12492.016573415147
 
418 12492.016573415147
 
419 12492.016573415147
 
420 12492.016573415147
 
421 12492.016573415147
 
422 12492.016573415147
 
423 12492.016573415147
 
424 12492.016573415147
 
425 12492.016573415147
 
426 12492.016573415147
 
427 12492.016573415147
 
428 12492.016573415147
 
429 12492.016573415147
 
430 12492.016573415147
 
431 12492.016573415147
 
432 12492.016573415147
 
433 12492.016573415147
 
434 12492.016573415147
 
435 12492.016573415147
 
436 12492.016573415147
 
437 12492.016573415147
 
438 12492.016573415147
 
439 12492.016573415147
 
440 12492.016573415147
 
441 12492.016573415147
 
442 12492.016573415147
 
443 12492.016573415147
 
444 12492.016573415147
 
445 12492.016573415147
 
446 12492.016573415147
 
447 12492.016573415147
 
448 12492.016573415147
 
449 12492.016573415147
 
450 12492.016573415147
 
451 12492.016573415147
 
452 12492.016573415147
 
453 12492.016573415147
 
454 12492.016573415147
 
455 12492.016573415147
 
456 12492.016573415147
 
457 12492.016573415147
 
458 12492.016573415147
 
459 12492.016573415147
 
460 12492.016573415147
 
461 12492.016573415147
 
462 12492.016573415147
 
463 12492.016573415147
 
464 12492.016573415147
 
465 12492.016573415147
 
466 12492.016573415147
 
467 12492.016573415147
 
468 12492.016573415147
 
469 12492.016573415147
 
470 12492.016573415147
 
471 12492.016573415147
 
472 12492.016573415147
 
473 12492.016573415147
 
474 12492.016573415147
 
475 12492.016573415147
 
476 12492.016573415147
 
477 12492.016573415147
 
478 12492.016573415147
 
479 12492.016573415147
 
480 12492.016573415147
 
481 12492.016573415147
 
482 12492.016573415147
 
483 12492.016573415147
 
484 12492.016573415147
 
485 12492.016573415147
 
486 12492.016573415147
 
487 12492.016573415147
 
488 12492.016573415147
 
489 12492.016573415147
 
490 12492.016573415147
 
491 12492.016573415147
 
492 12492.016573415147
 
493 12492.016573415147
 
494 12492.016573415147
 
495 12492.016573415147
 
496 12492.016573415147
 
497 12492.016573415147
 
498 12492.016573415147
 
499 12492.016573415147
 
